13,102
13,101
13,100
13,99
13,98
13,97
13,96
13,95
13,94
13,93
13,92
13,91
13,90
13,89
13,88
13,87
13,86
13,85
13,84
13,83
13,82
13,81
13,80
13,79
13,78
13,77
13,76
13,75
13,74
13,73
13,72
13,71
13,70
13,69
13,68
13,67
13,66
13,65
13,64
13,38
13,37
13,36
13,35
13,34
13,33
13,32
13,31
13,30
13,29
13,28
13,27
13,26
13,25
13,24
13,23
13,22
13,21
13,20
13,19
13,18
13,17
13,16
13,15
13,14
13,13
4294967279,362
4294967278,552
4294967279,361
4294967278,551
4294967279,360
4294967278,550
4294967278,549
4294967279,359
4294967279,358
4294967279,357
4294967278,548
4294967279,356
4294967279,355
4294967278,547
4294967279,354
4294967279,353
4294967278,546
4294967279,352
4294967278,545
4294967279,351
4294967278,544
4294967279,350
4294967279,349
4294967278,543
4294967278,542
4294967279,348
4294967278,541
4294967279,347
4294967279,346
13,12
13,11
13,10
4294967278,540
13,9
13,8
4294967278,539
4294967278,538
4294967279,345
4294967278,537
4294967279,344
4294967278,536
4294967279,343
4294967279,342
4294967278,535
4294967278,534
4294967279,341
4294967278,533
4294967279,340
4294967278,532
4294967278,531
13,7
4294967279,339
4294967279,338
4294967278,530
4294967279,337
4294967279,336
4294967278,529
4294967278,528
4294967279,335
4294967278,527
4294967279,334
4294967279,333
4294967279,332
4294967278,526
4294967279,331
4294967279,330
4294967278,525
4294967279,329
4294967279,328
4294967279,327
4294967279,326
4294967279,325
4294967278,524
4294967279,324
4294967278,523
4294967278,522
4294967279,323
4294967278,521
4294967279,322
4294967278,520
4294967279,321
4294967278,519
4294967279,320
4294967278,518
4294967279,319
4294967278,517
4294967279,318
4294967278,516
4294967279,317
4294967278,515
4294967279,316
4294967278,514
4294967279,315
4294967278,513
4294967279,314
4294967278,512
4294967279,313
4294967278,319
4294967279,312
4294967278,318
4294967279,311
4294967278,317
4294967279,310
4294967278,316
4294967279,309
4294967278,315
4294967279,308
4294967278,314
4294967279,307
4294967278,313
4294967279,306
4294967278,312
4294967279,305
4294967278,311
4294967279,304
4294967278,310
4294967279,303
4294967278,309
4294967279,302
4294967278,308
4294967279,301
4294967278,307
4294967279,300
4294967278,306
4294967279,299
4294967278,305
4294967279,298
4294967278,304
4294967279,297
4294967278,303
4294967279,296
4294967278,302
4294967279,295
4294967278,301
4294967279,294
4294967278,300
4294967279,293
4294967278,299
4294967279,292
4294967278,298
4294967279,291
4294967278,297
4294967279,290
4294967278,296
4294967279,289
4294967278,295
4294967279,288
4294967278,294
4294967279,287
4294967278,293
4294967294,1149
4294967294,1148
15,8
15,7
15,6
15,5
15,4
15,3
15,2
15,1
15,0
4294967278,292
4294967294,1147
4294967294,183
4294967294,471
4294967294,81
14,6
14,5
14,4
14,3
14,2
14,1
14,0
4294967278,291
13,6
13,5
13,4
13,3
13,2
13,1
13,0
4294967278,290
12,5
12,4
12,3
12,2
12,1
12,0
4294967279,286
4294967294,470
11,9
11,8
11,7
11,6
11,5
11,4
11,3
11,2
11,1
11,0
4294967278,289
4294967294,1146
4294967294,971
10,6
10,5
10,4
10,3
10,2
10,1
10,0
4294967278,288
9,5
9,4
9,3
9,2
9,1
9,0
4294967279,285
8,6
8,5
8,4
8,3
8,2
8,1
8,0
4294967279,284
7,6
7,5
7,4
7,3
7,2
7,1
7,0
4294967278,287
6,6
6,5
6,4
6,3
6,2
6,1
6,0
5,6
5,5
5,4
5,3
5,2
5,1
5,0
4,7
4,6
4,5
4,4
4,3
4,2
4,1
4,0
4294967278,286
4294967294,469
4294967279,283
4294967293,131
4294967293,130
